covariance: [[ 5.55072944e-01  7.29847396e-02  1.11418064e-02  6.30667339e-04
  -8.05116808e-04  5.04921458e-04  1.70940964e-04 -3.38952977e-04
   8.43159021e-05  2.64661958e-04 -5.64262412e-04 -4.60057920e-04
   5.66230080e-04 -5.42979714e-04  2.30599689e-04  1.83842417e-04
  -1.26270266e-03]
 [ 7.29847396e-02  5.55894303e-01  7.15245156e-02  1.07743301e-02
   1.24126691e-03  3.26439068e-04 -6.41761860e-05 -5.55046336e-04
  -2.45581773e-04  6.40557329e-04 -7.69060690e-04 -3.08570273e-04
  -1.26969474e-04  3.41851025e-04  4.62777201e-04 -1.59646941e-04
  -4.81629924e-04]
 [ 1.11418064e-02  7.15245156e-02  5.54960242e-01  7.30154111e-02
   1.02893013e-02  1.49361316e-03  1.14202441e-03 -2.65348534e-06
   3.59889573e-04  9.92670531e-05  4.23800423e-07 -6.04843527e-04
   6.17227744e-04  4.41074347e-05  1.27734435e-03  7.26195232e-04
  -4.98089072e-04]
 [ 6.30667339e-04  1.07743301e-02  7.30154111e-02  5.55354215e-01
   7.21508365e-02  1.06448642e-02  1.94234053e-03  1.02829849e-03
  -4.39545274e-05 -5.83851478e-05 -5.45932156e-05  8.61116745e-05
  -9.97351562e-04  8.67950759e-05  4.06225401e-04  3.37391599e-05
   1.26091624e-05]
 [-8.05116808e-04  1.24126691e-03  1.02893013e-02  7.21508365e-02
   5.55222003e-01  7.18594483e-02  1.08315458e-02  2.71234705e-03
   5.70398315e-04  3.40581994e-04 -7.07761762e-04 -1.78381291e-04
   7.56519950e-04  3.07233392e-04 -4.14426032e-04 -7.70891588e-05
   3.24484873e-04]
 [ 5.04921458e-04  3.26439068e-04  1.49361316e-03  1.06448642e-02
   7.18594483e-02  5.55388449e-01  7.21820607e-02  1.16349761e-02
   1.75006976e-03  8.92795681e-04 -4.87819264e-04 -4.69422930e-04
   2.25929472e-04  1.00274418e-03  4.32710011e-04 -5.26256487e-04
  -2.43960254e-05]
 [ 1.70940964e-04 -6.41761860e-05  1.14202441e-03  1.94234053e-03
   1.08315458e-02  7.21820607e-02  5.55874223e-01  7.19962665e-02
   1.16743991e-02  1.99339559e-03  1.04073423e-03 -3.67047452e-04
  -3.78412379e-04 -5.11778725e-04 -7.10348946e-04  6.24457058e-04
   7.37027790e-04]
 [-3.38952977e-04 -5.55046336e-04 -2.65348534e-06  1.02829849e-03
   2.71234705e-03  1.16349761e-02  7.19962665e-02  5.56088302e-01
   7.16864144e-02  1.12813902e-02  1.20030401e-03  8.58229904e-04
  -1.11547723e-04 -4.37829814e-05 -7.25235163e-04 -3.31233191e-07
   4.75076028e-04]
 [ 8.43159021e-05 -2.45581773e-04  3.59889573e-04 -4.39545274e-05
   5.70398315e-04  1.75006976e-03  1.16743991e-02  7.16864144e-02
   5.55578275e-01  7.16163327e-02  1.16643370e-02  2.04702606e-03
  -2.81899301e-04  5.10597396e-04 -3.65406543e-04  1.04578689e-03
   8.14919635e-04]
 [ 2.64661958e-04  6.40557329e-04  9.92670531e-05 -5.83851478e-05
   3.40581994e-04  8.92795681e-04  1.99339559e-03  1.12813902e-02
   7.16163327e-02  5.55488731e-01  7.18625452e-02  1.12106904e-02
   1.12819367e-03 -8.92230239e-05  1.61414673e-03  1.14179813e-04
  -1.36550440e-03]
 [-5.64262412e-04 -7.69060690e-04  4.23800423e-07 -5.45932156e-05
  -7.07761762e-04 -4.87819264e-04  1.04073423e-03  1.20030401e-03
   1.16643370e-02  7.18625452e-02  5.56280349e-01  7.18341560e-02
   1.01399880e-02  1.37839621e-03  1.59206412e-03  1.75249765e-04
  -4.70984998e-04]
 [-4.60057920e-04 -3.08570273e-04 -6.04843527e-04  8.61116745e-05
  -1.78381291e-04 -4.69422930e-04 -3.67047452e-04  8.58229904e-04
   2.04702606e-03  1.12106904e-02  7.18341560e-02  5.55996044e-01
   7.18861538e-02  1.09471602e-02  2.18577684e-03  1.57500201e-03
   1.41990380e-03]
 [ 5.66230080e-04 -1.26969474e-04  6.17227744e-04 -9.97351562e-04
   7.56519950e-04  2.25929472e-04 -3.78412379e-04 -1.11547723e-04
  -2.81899301e-04  1.12819367e-03  1.01399880e-02  7.18861538e-02
   5.55836213e-01  7.24581480e-02  1.13182273e-02  2.18341876e-03
   2.13459543e-04]
 [-5.42979714e-04  3.41851025e-04  4.41074347e-05  8.67950759e-05
   3.07233392e-04  1.00274418e-03 -5.11778725e-04 -4.37829814e-05
   5.10597396e-04 -8.92230239e-05  1.37839621e-03  1.09471602e-02
   7.24581480e-02  5.54462478e-01  7.19406710e-02  1.06378518e-02
   1.68782395e-03]
 [ 2.30599689e-04  4.62777201e-04  1.27734435e-03  4.06225401e-04
  -4.14426032e-04  4.32710011e-04 -7.10348946e-04 -7.25235163e-04
  -3.65406543e-04  1.61414673e-03  1.59206412e-03  2.18577684e-03
   1.13182273e-02  7.19406710e-02  5.61897548e-01  7.14522453e-02
   1.43173257e-02]
 [ 1.83842417e-04 -1.59646941e-04  7.26195232e-04  3.37391599e-05
  -7.70891588e-05 -5.26256487e-04  6.24457058e-04 -3.31233191e-07
   1.04578689e-03  1.14179813e-04  1.75249765e-04  1.57500201e-03
   2.18341876e-03  1.06378518e-02  7.14522453e-02  5.42509280e-01
   8.38634236e-02]
 [-1.26270266e-03 -4.81629924e-04 -4.98089072e-04  1.26091624e-05
   3.24484873e-04 -2.43960254e-05  7.37027790e-04  4.75076028e-04
   8.14919635e-04 -1.36550440e-03 -4.70984998e-04  1.41990380e-03
   2.13459543e-04  1.68782395e-03  1.43173257e-02  8.38634236e-02
   6.66997981e-01]]
data_point_0 mean: 1.480292094650152
data_point_0 variance: 0.5550729443096959
data_point_1 mean: 1.479481963630804
data_point_1 variance: 0.5558943031079107
data_point_2 mean: 1.4804132880132306
data_point_2 variance: 0.5549602422199997
data_point_3 mean: 1.4795882408876575
data_point_3 variance: 0.555354215137084
data_point_4 mean: 1.4799611435432838
data_point_4 variance: 0.5552220027300794
data_point_5 mean: 1.480492529827551
data_point_5 variance: 0.5553884491413369
data_point_6 mean: 1.4796292601797765
data_point_6 variance: 0.5558742226976412
data_point_7 mean: 1.4789459160633411
data_point_7 variance: 0.5560883020142101
data_point_8 mean: 1.4800114854017934
data_point_8 variance: 0.5555782753051742
data_point_9 mean: 1.4801037788090607
data_point_9 variance: 0.5554887307394314
data_point_10 mean: 1.4790792287627277
data_point_10 variance: 0.5562803491232727
data_point_11 mean: 1.4792815284534049
data_point_11 variance: 0.5559960441445411
data_point_12 mean: 1.4792041511523624
data_point_12 variance: 0.5558362127631113
data_point_13 mean: 1.478858283939269
data_point_13 variance: 0.5544624777546551
data_point_14 mean: 1.4707122254271134
data_point_14 variance: 0.5618975480475924
data_point_15 mean: 1.417204423371301
data_point_15 variance: 0.542509279914206
data_point_16 mean: 0.9986538214131891
data_point_16 variance: 0.6669979808422386
